10:51:44.340 -> FFFFFFFF
10:51:44.340 -> FFFFFFFF (0 bits)
10:51:44.373 -> Raw (34): -5900 2800 -2100 800 -2200 700 -2050 850 -2000 900 -1950 1950 -1950 850 -2050 800 -2050 800 -2100 1800 -2050 850 -2050 800 -2050 900 -2000 850 -2000 900 -1950 900 -2000 850 
10:51:47.561 -> FFFFFFFF
10:51:47.561 -> FFFFFFFF (0 bits)
10:51:47.561 -> Raw (34): -5850 2900 -2050 850 -2000 850 -2000 850 -2050 850 -2000 1850 -2050 850 -2050 800 -2050 800 -2100 1800 -2100 850 -2000 850 -2000 900 -2000 800 -2050 850 -2000 850 -2050 850 
10:52:01.813 -> FFFFFFFF
10:52:01.813 -> FFFFFFFF (0 bits)
10:52:01.846 -> Raw (34): -5950 2900 -2000 800 -2050 850 -2050 800 -2100 800 -2150 1700 -2100 800 -2050 850 -2000 850 -2050 1900 -2000 850 -2000 900 -2050 750 -2050 800 -2050 850 -2050 800 -2100 800 
10:52:06.677 -> FFFFFFFF
10:52:06.710 -> FFFFFFFF (0 bits)
10:52:06.710 -> Raw (34): -5850 2900 -2000 850 -2050 800 -2050 850 -2000 900 -2000 1850 -2050 800 -2050 850 -2050 850 -2000 1900 -2000 850 -2000 900 -2050 750 -2100 750 -2100 850 -2000 850 -2050 800 
10:52:14.119 -> FFFFFFFF
10:52:14.119 -> FFFFFFFF (0 bits)
10:52:14.153 -> Raw (34): -5900 2950 -2050 750 -2050 850 -2000 900 -2000 800 -2100 1800 -2050 850 -2050 850 -2050 850 -2000 1850 -2000 850 -2050 800 -2050 850 -2050 850 -2000 850 -2050 800 -2050 850 
10:52:17.147 -> FFFFFFFF
10:52:17.180 -> FFFFFFFF (0 bits)
10:52:17.180 -> Raw (34): -5900 2900 -2050 850 -2000 850 -2000 850 -2050 800 -2050 1900 -2000 850 -2000 900 -2050 750 -2050 1900 -2000 850 -2000 850 -2050 850 -2050 800 -2050 800 -2050 900 -2000 850 
10:52:18.620 -> FFFFFFFF
10:52:18.620 -> FFFFFFFF (0 bits)
10:52:18.620 -> Raw (34): -5950 2850 -2050 850 -2050 800 -2050 800 -2050 800 -2050 1850 -2100 800 -2050 800 -2050 850 -2100 1800 -2050 850 -2000 850 -2050 850 -2000 850 -2000 850 -2050 800 -2050 800 
10:52:21.450 -> FFFFFFFF
10:52:21.450 -> FFFFFFFF (0 bits)
10:52:21.484 -> Raw (34): -5900 2850 -2050 900 -2000 850 -2000 900 -1950 900 -2000 1800 -2100 800 -2050 800 -2100 800 -2050 1800 -2100 800 -2050 850 -2050 800 -2050 850 -2050 850 -2000 850 -2000 850 
10:52:42.931 -> FFFFFFFF
10:52:42.966 -> FFFFFFFF (0 bits)
10:52:42.966 -> Raw (34): -5950 2900 -2000 850 -2000 850 -2050 800 -2050 800 -2100 1800 -2050 850 -2050 800 -2050 850 -2150 1750 -2050 850 -2000 850 -2050 800 -2050 800 -2050 850 -2050 800 -2050 800 
10:52:44.827 -> FFFFFFFF
10:52:44.860 -> FFFFFFFF (0 bits)
10:52:44.860 -> Raw (34): -5950 2950 -2050 800 -2000 850 -2050 800 -2050 800 -2100 1800 -2050 800 -2100 800 -2050 800 -2050 1850 -2050 850 -2050 800 -2050 850 -2150 750 -2000 850 -2000 850 -2050 800 
10:52:47.075 -> FFFFFFFF
10:52:47.109 -> FFFFFFFF (0 bits)
10:52:47.109 -> Raw (34): -5900 2850 -2050 800 -2050 850 -2050 800 -2050 850 -2150 1750 -2000 900 -2000 850 -2050 850 -2000 1850 -2050 800 -2050 800 -2050 850 -2050 800 -2050 850 -2050 800 -2050 850 
10:52:51.223 -> FFFFFFFF
10:52:51.223 -> FFFFFFFF (0 bits)
10:52:51.257 -> Raw (34): -5900 2850 -2050 800 -2050 800 -2100 800 -2050 800 -2050 1850 -2050 850 -2050 800 -2050 850 -2000 1900 -2050 800 -2050 800 -2050 800 -2100 800 -2050 800 -2050 850 -2050 850 
10:52:53.005 -> FFFFFFFF
10:52:53.005 -> FFFFFFFF (0 bits)
10:52:53.040 -> Raw (34): -5950 2900 -2000 850 -2050 850 -2050 750 -2100 800 -2050 1850 -2050 800 -2050 800 -2150 750 -2200 1700 -2150 700 -2150 750 -2150 750 -2100 750 -2100 750 -2200 650 -2150 750 
10:52:55.231 -> FFFFFFFF
10:52:55.266 -> FFFFFFFF (0 bits)
10:52:55.266 -> Raw (34): -6000 2800 -2100 700 -2150 750 -2150 700 -2100 800 -2150 1800 -2100 750 -2100 800 -2050 800 -2100 1800 -2100 700 -2150 750 -2100 750 -2200 700 -2150 700 -2200 700 -2100 750 
10:52:58.967 -> FFFFFFFF
10:52:59.000 -> FFFFFFFF (0 bits)
10:52:59.000 -> Raw (34): -5950 2800 -2100 800 -2050 850 -2050 800 -2050 850 -2000 1900 -2000 850 -2050 800 -2050 800 -2100 1800 -2050 800 -2100 800 -2050 800 -2050 850 -2050 850 -2150 750 -2100 700 
10:52:59.908 -> FFFFFFFF
10:52:59.908 -> FFFFFFFF (0 bits)
10:52:59.942 -> Raw (34): -5900 2900 -2000 900 -2000 850 -2050 800 -2050 800 -2100 1800 -2050 800 -2050 850 -2050 800 -2050 1850 -2050 850 -2050 800 -2150 750 -2150 700 -2150 700 -2150 750 -2150 700 
10:53:00.790 -> FFFFFFFF
10:53:00.790 -> FFFFFFFF (0 bits)
10:53:00.825 -> Raw (34): -5950 2850 -2050 800 -2050 800 -2050 850 -2050 850 -2000 1850 -2050 850 -2000 900 -2050 850 -2000 1850 -2000 850 -2050 800 -2150 700 -2100 800 -2050 800 -2050 850 -2050 850 
10:53:01.671 -> FFFFFFFF
10:53:01.671 -> FFFFFFFF (0 bits)
10:53:01.705 -> Raw (34): -6000 2800 -2050 800 -2150 700 -2150 750 -2100 750 -2100 1800 -2150 700 -2150 800 -2050 800 -2100 1800 -2100 750 -2100 750 -2100 750 -2150 750 -2050 850 -2050 850 -2000 850 
10:53:06.157 -> FFFFFFFF
10:53:06.157 -> FFFFFFFF (0 bits)
10:53:06.192 -> Raw (34): -6000 2800 -2100 750 -2100 800 -2000 900 -2050 750 -2100 1850 -2100 700 -2150 700 -2150 750 -2150 1750 -2150 700 -2150 750 -2100 800 -2100 750 -2100 800 -2050 750 -2150 750 
10:53:07.232 -> FFFFFFFF
10:53:07.232 -> FFFFFFFF (0 bits)
10:53:07.267 -> Raw (34): -5900 2900 -2050 850 -2000 800 -2100 800 -2050 800 -2050 1850 -2050 800 -2050 850 -2150 700 -2050 1850 -2050 850 -2000 900 -2000 850 -2050 850 -2000 800 -2100 800 -2050 800 
10:53:08.176 -> FFFFFFFF
10:53:08.176 -> FFFFFFFF (0 bits)
10:53:08.211 -> Raw (34): -5900 2900 -2000 850 -2050 800 -2050 800 -2100 800 -2050 1850 -2050 850 -2000 900 -2000 850 -2000 1850 -2050 800 -2050 900 -2000 850 -2050 800 -2050 850 -2000 900 -1950 900 
10:53:09.493 -> FFFFFFFF
10:53:09.493 -> FFFFFFFF (0 bits)
10:53:09.493 -> Raw (34): -6000 2850 -2050 850 -2000 900 -2050 800 -2000 800 -2100 1800 -2050 800 -2100 800 -2050 800 -2050 1850 -2050 800 -2100 800 -2050 900 -1950 900 -2000 900 -1950 850 -2050 800 
10:53:10.272 -> FFFFFFFF
10:53:10.272 -> FFFFFFFF (0 bits)
10:53:10.305 -> Raw (34): -5950 2900 -2000 900 -1950 900 -2000 800 -2100 800 -2050 1800 -2050 850 -2050 800 -2100 850 -2000 1850 -2000 900 -2000 850 -2000 900 -2000 900 -1950 850 -2050 800 -2050 850 
10:53:12.255 -> FFFFFFFF
10:53:12.288 -> FFFFFFFF (0 bits)
10:53:12.288 -> Raw (34): -6000 2850 -2050 800 -2100 800 -2050 850 -2050 750 -2100 1800 -2100 750 -2100 750 -2150 750 -2100 1800 -2100 800 -2050 800 -2100 800 -2050 850 -2050 800 -2050 750 -2100 800 
10:53:13.263 -> FFFFFFFF
10:53:13.263 -> FFFFFFFF (0 bits)
10:53:13.297 -> Raw (34): -5850 2900 -2050 800 -2050 800 -2050 850 -2050 850 -2000 1850 -2050 850 -2050 850 -2000 900 -2000 1850 -2000 850 -2050 800 -2100 750 -2100 800 -2050 800 -2050 850 -2050 850 
